
01: 16 05 01 03 de 01 10 f2 00 00 00 00 00 00 00 00 00 00 00 00 - Read Values
01: 16 07 01 02 bd 04 aa 01 7d f7 00 00 00 00 00 00 00 00 00 00 - Read values passing 1 byte param
02: 16 0a 02 00 44 94 3c 94 60 79 72 68 83 00 00 00 00 00 00 00
03: 16 01 03 e6 00 00 00 00 00 00 00 00 00 00 00 00 00 00 00 00 - Start Calibration
04: 16 0b 04 03 df 07 f3 60 70 71 eb 39 40 5a 00 00 00 00 00 00 - co20 and voltages?
05: 16 0d 05 03 df 07 f3 60 70 71 eb 39 40 00 00 57 00 00 00 00 - co2 and voltages?
06: 16 02 06 01 e1 00 00 00 00 00 00 00 00 00 00 00 00 00 00 00
0D: 16 06 0d 07 d0 00 01 00 ff 00 00 00 00 00 00 00 00 00 00 00 - Get Sensor Info
0E: 16 01 0e db 00 00 00 00 00 00 00 00 00 00 00 00 00 00 00 00 - Set Sensor Info
0F: 16 07 0f 64 00 07 01 90 64 74 00 00 00 00 00 00 00 00 00 00 - Get ABC
10: 16 01 10 d9 00 00 00 00 00 00 00 00 00 00 00 00 00 00 00 00 - Set ABC
1E: 16 0c 1e 43 4d 20 56 32 2e 30 2e 30 33 00 99 00 00 00 00 00 - Software Version
1F: 16 0b 1f 04 cb 18 1b 00 32 00 7d 00 00 0f 00 00 00 00 00 00 - Serial
23: 16 01 23 c6 00 00 00 00 00 00 00 00 00 00 00 00 00 00 00 00
41: 16 01 41 a8 00 00 00 00 00 00 00 00 00 00 00 00 00 00 00 00
42: 16 01 42 a7 00 00 00 00 00 00 00 00 00 00 00 00 00 00 00 00
43: 16 01 43 a6 00 00 00 00 00 00 00 00 00 00 00 00 00 00 00 00
44: 16 01 44 a5 00 00 00 00 00 00 00 00 00 00 00 00 00 00 00 00
45: 16 01 45 a4 00 00 00 00 00 00 00 00 00 00 00 00 00 00 00 00
46: 16 01 46 a3 00 00 00 00 00 00 00 00 00 00 00 00 00 00 00 00
47: 16 01 47 a2 00 00 00 00 00 00 00 00 00 00 00 00 00 00 00 00
48: 16 01 48 a1 00 00 00 00 00 00 00 00 00 00 00 00 00 00 00 00
49: 16 01 49 a0 00 00 00 00 00 00 00 00 00 00 00 00 00 00 00 00
4A: 16 01 4a 9f 00 00 00 00 00 00 00 00 00 00 00 00 00 00 00 00
4B: 16 01 4b 9e 00 00 00 00 00 00 00 00 00 00 00 00 00 00 00 00
4C: 16 01 4c 9d 00 00 00 00 00 00 00 00 00 00 00 00 00 00 00 00
